sample,instrument,minute,arrivals,level_ratio,ci_low,ci_high,spread_event_ticks,spread_control_ticks
unscheduled arrivals (price jumps),ES.v.0,-30,107,0.930957,0.8568785,1.0003064,1.0236997729552775,1.0272616773877175
unscheduled arrivals (price jumps),ES.v.0,-29,107,0.945914,0.8781384,1.016764,1.0236760124610598,1.0278816199376946
unscheduled arrivals (price jumps),ES.v.0,-28,107,0.9374196,0.86695725,1.0116713,1.0295950155763256,1.024454828660436
unscheduled arrivals (price jumps),ES.v.0,-27,107,0.9148583,0.8498381,0.9798664,1.024454828660436,1.027570093457944
unscheduled arrivals (price jumps),ES.v.0,-26,107,0.92487025,0.8612635,0.98910457,1.0267912772585668,1.0227024922118382
unscheduled arrivals (price jumps),ES.v.0,-25,107,0.9219766,0.85827005,0.987622,1.0250778816199375,1.026609553478713
unscheduled arrivals (price jumps),ES.v.0,-24,107,0.91944337,0.8552166,0.9879086,1.0255451713395638,1.029114745586708
unscheduled arrivals (price jumps),ES.v.0,-23,107,0.9118217,0.84690475,0.98203796,1.0222741433021816,1.0276220145379025
unscheduled arrivals (price jumps),ES.v.0,-22,107,0.924476,0.8525082,0.9985967,1.0213395638629283,1.0276220145379023
unscheduled arrivals (price jumps),ES.v.0,-21,107,0.89028037,0.82668024,0.96252906,1.022741433021807,1.0256879543094504
unscheduled arrivals (price jumps),ES.v.0,-20,107,0.91474706,0.8343318,0.9989697,1.023676012461059,1.0288551401869164
unscheduled arrivals (price jumps),ES.v.0,-19,107,0.9183171,0.8472202,0.99434566,1.0283489096573206,1.0263759086188995
unscheduled arrivals (price jumps),ES.v.0,-18,107,0.9271327,0.8594721,1.0027268,1.0294392523364486,1.028608515057113
unscheduled arrivals (price jumps),ES.v.0,-17,107,0.92480916,0.8618765,1.0006927,1.030373831775701,1.0253374870197298
unscheduled arrivals (price jumps),ES.v.0,-16,107,0.91905224,0.8513195,0.9879983,1.031619937694704,1.0249221183800625
unscheduled arrivals (price jumps),ES.v.0,-15,107,0.8956691,0.8317128,0.96546865,1.0309968847352025,1.0258177570093459
unscheduled arrivals (price jumps),ES.v.0,-14,107,0.9390824,0.87727225,1.0124713,1.025233644859813,1.0242471443406018
unscheduled arrivals (price jumps),ES.v.0,-13,107,0.9523856,0.8831841,1.0197191,1.0303738317757027,1.0235202492211832
unscheduled arrivals (price jumps),ES.v.0,-12,107,0.9115585,0.8452096,0.98044837,1.028816199376947,1.02563603322949
unscheduled arrivals (price jumps),ES.v.0,-11,107,0.9414226,0.87084025,1.0103024,1.029595015576322,1.0225467289719625
unscheduled arrivals (price jumps),ES.v.0,-10,107,0.94124454,0.874694,1.0115975,1.0255451713395625,1.0241952232606435
unscheduled arrivals (price jumps),ES.v.0,-9,107,0.95092005,0.88311625,1.0321584,1.0291277258566933,1.0215732087227416
unscheduled arrivals (price jumps),ES.v.0,-8,107,0.9224374,0.8536247,0.9946325,1.0272585669781906,1.0226895119418475
unscheduled arrivals (price jumps),ES.v.0,-7,107,0.9027578,0.8388877,0.9693073,1.0289719626168217,1.0233385254413292
unscheduled arrivals (price jumps),ES.v.0,-6,107,0.9064887,0.84067965,0.97639775,1.029439252336449,1.024221183800622
unscheduled arrivals (price jumps),ES.v.0,-5,107,0.9356449,0.8662678,1.0167137,1.0283489096573197,1.0215602284527516
unscheduled arrivals (price jumps),ES.v.0,-4,107,0.9127696,0.84539455,0.98834974,1.0267912772585654,1.0220664589823467
unscheduled arrivals (price jumps),ES.v.0,-3,107,0.92009676,0.8497413,0.9893616,1.0254460492778248,1.0219885773624091
unscheduled arrivals (price jumps),ES.v.0,-2,107,0.8997259,0.8289021,0.97340953,1.0308411214953288,1.0210410176531672
unscheduled arrivals (price jumps),ES.v.0,-1,107,0.9194945,0.8382197,1.0086011,1.0333333333333343,1.0245586708203531
unscheduled arrivals (price jumps),ES.v.0,0,107,0.7810333,0.7113912,0.85829806,1.0741433021806859,1.0234683281412256
unscheduled arrivals (price jumps),ES.v.0,1,107,0.65041476,0.59631246,0.7132493,1.1021806853582583,1.0268172377985465
unscheduled arrivals (price jumps),ES.v.0,2,107,0.6409529,0.58483326,0.70691544,1.082398753894081,1.0231957424714437
unscheduled arrivals (price jumps),ES.v.0,3,107,0.64376676,0.5814022,0.70618457,1.0855140186915888,1.0229880581516102
unscheduled arrivals (price jumps),ES.v.0,4,107,0.6416882,0.5803519,0.7048582,1.069626168224299,1.0224688473520247
unscheduled arrivals (price jumps),ES.v.0,5,107,0.6531556,0.59910965,0.71739227,1.0742990654205606,1.0235591900311534
unscheduled arrivals (price jumps),ES.v.0,6,107,0.64698833,0.58919364,0.7102741,1.0694704049844235,1.026921079958464
unscheduled arrivals (price jumps),ES.v.0,7,107,0.6518927,0.5990862,0.71589893,1.0702492211838006,1.0250778816199386
unscheduled arrivals (price jumps),ES.v.0,8,107,0.65836036,0.59677595,0.7285333,1.0744548286604385,1.0275051921079958
unscheduled arrivals (price jumps),ES.v.0,9,107,0.66120183,0.60163033,0.72763985,1.0713395638629288,1.0262850467289726
unscheduled arrivals (price jumps),ES.v.0,10,107,0.6650107,0.6035905,0.7326799,1.066510903426793,1.0249480789200414
unscheduled arrivals (price jumps),ES.v.0,11,107,0.6482856,0.58836627,0.7150782,1.0619937694704054,1.0245586708203531
unscheduled arrivals (price jumps),ES.v.0,12,107,0.6458367,0.58842057,0.7167403,1.0556074766355157,1.0226505711318794
unscheduled arrivals (price jumps),ES.v.0,13,107,0.6550308,0.59255695,0.7260679,1.0526479750778817,1.0224169262720664
unscheduled arrivals (price jumps),ES.v.0,14,107,0.6569166,0.5892176,0.7360706,1.0562305295950156,1.0230659397715474
unscheduled arrivals (price jumps),ES.v.0,15,107,0.6543621,0.5896262,0.72520536,1.0467289719626167,1.023714953271028
unscheduled arrivals (price jumps),NQ.v.0,-30,107,0.97444344,0.9095507,1.0347555,1.9107807097560041,1.9022590073866268
unscheduled arrivals (price jumps),NQ.v.0,-29,107,0.9640104,0.9013203,1.0377692,1.9158878504672903,1.8999870197300104
unscheduled arrivals (price jumps),NQ.v.0,-28,107,0.99203056,0.93096775,1.0635197,1.924766355140187,1.8948338525441328
unscheduled arrivals (price jumps),NQ.v.0,-27,107,0.9758878,0.9193112,1.0381861,1.92196261682243,1.9066329179646924
unscheduled arrivals (price jumps),NQ.v.0,-26,107,0.9947691,0.940286,1.0620654,1.9213395638629283,1.9233515057113189
unscheduled arrivals (price jumps),NQ.v.0,-25,107,0.9773031,0.9217984,1.0398272,1.9035825545171343,1.9210020768431986
unscheduled arrivals (price jumps),NQ.v.0,-24,107,0.97232324,0.913646,1.0334344,1.8886292834890963,1.9248831775700934
unscheduled arrivals (price jumps),NQ.v.0,-23,107,0.9620816,0.91596776,1.0123935,1.8892523364485982,1.914732606438214
unscheduled arrivals (price jumps),NQ.v.0,-22,107,0.9367472,0.8789757,0.99349576,1.894704049844237,1.9174974039460022
unscheduled arrivals (price jumps),NQ.v.0,-21,107,0.99119806,0.93654627,1.0471792,1.9277258566978193,1.9172118380062304
unscheduled arrivals (price jumps),NQ.v.0,-20,107,0.96648496,0.90913075,1.027524,1.8925233644859814,1.9151090342679127
unscheduled arrivals (price jumps),NQ.v.0,-19,107,0.95213383,0.9000031,1.0054259,1.9252336448598129,1.9282450674974039
unscheduled arrivals (price jumps),NQ.v.0,-18,107,0.94240904,0.8917645,0.99850625,1.9822429906542054,1.9377076843198346
unscheduled arrivals (price jumps),NQ.v.0,-17,107,0.94647783,0.8959211,1.0021573,1.9926791277258564,1.9450674974039461
unscheduled arrivals (price jumps),NQ.v.0,-16,107,0.9536138,0.90121853,1.0085635,1.9473520249221181,1.9140057113187952
unscheduled arrivals (price jumps),NQ.v.0,-15,107,0.9460026,0.8981648,0.99370927,1.9601246105919001,1.8963006230529595
unscheduled arrivals (price jumps),NQ.v.0,-14,107,0.9588676,0.91223556,1.0104767,1.9403426791277263,1.8979880581516098
unscheduled arrivals (price jumps),NQ.v.0,-13,107,0.9613304,0.91329664,1.0137134,1.937850467289716,1.8997793354101766
unscheduled arrivals (price jumps),NQ.v.0,-12,107,0.95659906,0.9135094,1.0040641,1.938317757009341,1.8928478712357217
unscheduled arrivals (price jumps),NQ.v.0,-11,107,0.9889001,0.9233792,1.0610222,1.9423676012461057,1.9093717549325027
unscheduled arrivals (price jumps),NQ.v.0,-10,107,0.97915375,0.924731,1.0328496,1.936448598130841,1.9102803738317757
unscheduled arrivals (price jumps),NQ.v.0,-9,107,0.9913767,0.93257606,1.0483288,1.9461059190031154,1.9034657320872272
unscheduled arrivals (price jumps),NQ.v.0,-8,107,0.9418506,0.8808159,0.99976677,1.9646417445482867,1.9009865005192106
unscheduled arrivals (price jumps),NQ.v.0,-7,107,0.93852854,0.8735147,1.001937,1.9853582554517135,1.8985072689511937
unscheduled arrivals (price jumps),NQ.v.0,-6,107,0.92248726,0.85923886,0.98527074,1.9450155763239871,1.8866692627206645
unscheduled arrivals (price jumps),NQ.v.0,-5,107,0.9361763,0.8731941,0.995512,1.9029595015576322,1.883372274143301
unscheduled arrivals (price jumps),NQ.v.0,-4,107,0.9352157,0.86525226,1.0029061,1.8925233644859814,1.8644210799584617
unscheduled arrivals (price jumps),NQ.v.0,-3,107,0.9491,0.88912076,1.010186,1.9073208722741435,1.8675103842159912
unscheduled arrivals (price jumps),NQ.v.0,-2,107,0.9098536,0.84830576,0.9747908,1.9499999999999997,1.862266355140187
unscheduled arrivals (price jumps),NQ.v.0,-1,107,0.9271635,0.8536898,0.9967548,1.977966581704899,1.862694704049844
unscheduled arrivals (price jumps),NQ.v.0,0,107,0.81995,0.75342923,0.88293254,2.8741121495327104,1.8695482866043616
unscheduled arrivals (price jumps),NQ.v.0,1,107,0.7292093,0.6708237,0.7863261,3.740792661820698,1.8750778816199376
unscheduled arrivals (price jumps),NQ.v.0,2,107,0.7299129,0.6755865,0.7831416,2.9648404769577827,1.8660176531671857
unscheduled arrivals (price jumps),NQ.v.0,3,107,0.75358087,0.70195705,0.8098007,3.053790238836967,1.8737149532710282
unscheduled arrivals (price jumps),NQ.v.0,4,107,0.753759,0.7029768,0.80674845,2.5571651090342673,1.8756360332294912
unscheduled arrivals (price jumps),NQ.v.0,5,107,0.77534574,0.7328072,0.82377493,2.5859813084112147,1.8833463136033228
unscheduled arrivals (price jumps),NQ.v.0,6,107,0.7448915,0.697684,0.79298735,2.4674454828660433,1.8881360332294912
unscheduled arrivals (price jumps),NQ.v.0,7,107,0.76409876,0.71107477,0.8144482,2.4356697819314643,1.9146417445482866
unscheduled arrivals (price jumps),NQ.v.0,8,107,0.7719893,0.7222046,0.8268077,2.5077881619937696,1.916381100726895
unscheduled arrivals (price jumps),NQ.v.0,9,107,0.7796377,0.7300053,0.8293774,2.4409657320872276,1.881529075804777
unscheduled arrivals (price jumps),NQ.v.0,10,107,0.8009456,0.7489704,0.8593741,2.4484423676012463,1.8599428868120456
unscheduled arrivals (price jumps),NQ.v.0,11,107,0.8019848,0.7582153,0.84821624,2.416666666666667,1.8594236760124612
unscheduled arrivals (price jumps),NQ.v.0,12,107,0.7856292,0.73328334,0.83957356,2.321183800623053,1.8647845275181723
unscheduled arrivals (price jumps),NQ.v.0,13,107,0.78527254,0.73913175,0.83565205,2.325545171339564,1.8689771547248182
unscheduled arrivals (price jumps),NQ.v.0,14,107,0.78840613,0.73902845,0.8434279,2.2641744548286606,1.8706645898234695
unscheduled arrivals (price jumps),NQ.v.0,15,107,0.77175945,0.7243431,0.8259479,2.193769470404984,1.8816868266722018
unscheduled arrivals (price jumps),ZN.v.0,-30,107,0.911508,0.84287703,0.97679627,1.0009345794392523,1.000443529225408
unscheduled arrivals (price jumps),ZN.v.0,-29,107,0.90988284,0.83958715,0.97964424,1.0020249221183801,1.0005581516095534
unscheduled arrivals (price jumps),ZN.v.0,-28,107,0.90436804,0.84177387,0.97153825,1.0021806853582556,1.0008696780893043
unscheduled arrivals (price jumps),ZN.v.0,-27,107,0.886358,0.8202391,0.95182747,1.000778816199377,1.0003115264797509
unscheduled arrivals (price jumps),ZN.v.0,-26,107,0.8876669,0.82206684,0.9500896,1.001246105919003,1.0013888888888889
unscheduled arrivals (price jumps),ZN.v.0,-25,107,0.8930696,0.8276765,0.96209276,1.0024922118380062,1.0012590861889936
unscheduled arrivals (price jumps),ZN.v.0,-24,107,0.9001921,0.8347012,0.96387213,1.0051401869158878,1.0009345794392543
unscheduled arrivals (price jumps),ZN.v.0,-23,107,0.90877044,0.8425683,0.98439646,1.0037383177570094,1.0008566978193167
unscheduled arrivals (price jumps),ZN.v.0,-22,107,0.89446896,0.8251873,0.9647929,1.001246105919003,1.001142263759087
unscheduled arrivals (price jumps),ZN.v.0,-21,107,0.89943725,0.8286432,0.9690568,1.000467289719626,1.0007658359293874
unscheduled arrivals (price jumps),ZN.v.0,-20,107,0.8907501,0.8198192,0.9565761,1.0010903426791276,1.0013629283489096
unscheduled arrivals (price jumps),ZN.v.0,-19,107,0.88608325,0.8178238,0.9573424,1.0042056074766355,1.001220145379024
unscheduled arrivals (price jumps),ZN.v.0,-18,107,0.91209745,0.83397514,0.99157137,1.0029595015576325,1.0008047767393562
unscheduled arrivals (price jumps),ZN.v.0,-17,107,0.90873516,0.82804996,0.98940796,1.0020249221183801,1.0017133956386302
unscheduled arrivals (price jumps),ZN.v.0,-16,107,0.9095873,0.8383321,0.984571,1.0029595015576325,1.0000778816199385
unscheduled arrivals (price jumps),ZN.v.0,-15,107,0.888108,0.8083198,0.95995855,1.000778816199377,1.0010903426791287
unscheduled arrivals (price jumps),ZN.v.0,-14,107,0.92377335,0.8500364,0.99810517,1.0009345794392523,1.0011033229491195
unscheduled arrivals (price jumps),ZN.v.0,-13,107,0.92002213,0.838665,0.9885281,1.0015576323987538,1.0011033229491177
unscheduled arrivals (price jumps),ZN.v.0,-12,107,0.91428584,0.84165406,0.99049604,1.0023364485981308,1.0003115264797529
unscheduled arrivals (price jumps),ZN.v.0,-11,107,0.9247673,0.8524247,0.99441,1.0042056074766355,1.0003894080996902
unscheduled arrivals (price jumps),ZN.v.0,-10,107,0.90275025,0.8241664,0.9767647,1.001246105919003,1.0011552440290776
unscheduled arrivals (price jumps),ZN.v.0,-9,107,0.89843744,0.81979114,0.9732107,1.0010903426791278,1.0002336448598144
unscheduled arrivals (price jumps),ZN.v.0,-8,107,0.8740717,0.7968339,0.9555799,1.000467289719626,1.0010124610591913
unscheduled arrivals (price jumps),ZN.v.0,-7,107,0.8718771,0.79954547,0.94306254,1.000778816199377,1.0004802699896147
unscheduled arrivals (price jumps),ZN.v.0,-6,107,0.8957791,0.81666845,0.96528625,1.0048286604361372,1.0009994807891993
unscheduled arrivals (price jumps),ZN.v.0,-5,107,0.88462424,0.80720645,0.9571203,1.0017133956386293,1.0004543094496359
unscheduled arrivals (price jumps),ZN.v.0,-4,107,0.86638206,0.79422176,0.93748045,1.0015576323987538,1.0013759086188991
unscheduled arrivals (price jumps),ZN.v.0,-3,107,0.8943847,0.8244528,0.96847254,1.0003115264797509,1.0004283489096588
unscheduled arrivals (price jumps),ZN.v.0,-2,107,0.8847554,0.80805707,0.9663488,1.0017133956386293,1.0002855659397722
unscheduled arrivals (price jumps),ZN.v.0,-1,107,0.86662734,0.79078645,0.945563,1.0020249221183801,1.0006230529595008
unscheduled arrivals (price jumps),ZN.v.0,0,107,0.7732787,0.7047396,0.8420962,1.0029595015576322,1.0005711318795414
unscheduled arrivals (price jumps),ZN.v.0,1,107,0.68419456,0.6164101,0.7501204,1.0032710280373807,1.0016874350986489
unscheduled arrivals (price jumps),ZN.v.0,2,107,0.6781479,0.6099915,0.74256426,1.0038940809968835,1.0016095534787113
unscheduled arrivals (price jumps),ZN.v.0,3,107,0.6682136,0.6012956,0.73386204,1.0020249221183801,1.0017393561786085
unscheduled arrivals (price jumps),ZN.v.0,4,107,0.6773779,0.6109623,0.7448982,1.0018691588785045,1.0018821391484942
unscheduled arrivals (price jumps),ZN.v.0,5,107,0.68684894,0.6177438,0.75082713,1.0042056074766355,1.0043094496365523
unscheduled arrivals (price jumps),ZN.v.0,6,107,0.6849327,0.6200169,0.7506726,1.0015576323987505,1.0033618899273116
unscheduled arrivals (price jumps),ZN.v.0,7,107,0.6954311,0.6315109,0.77077633,1.002180685358254,1.0013110072689502
unscheduled arrivals (price jumps),ZN.v.0,8,107,0.71214896,0.64536536,0.78202665,1.0021806853582553,1.003128245067497
unscheduled arrivals (price jumps),ZN.v.0,9,107,0.7283207,0.65460026,0.80186856,1.0021806853582553,1.000843717549325
unscheduled arrivals (price jumps),ZN.v.0,10,107,0.7170469,0.6429978,0.78503907,1.0034267912772585,1.000869678089304
unscheduled arrivals (price jumps),ZN.v.0,11,107,0.7166857,0.6467804,0.7922334,1.0028037383177564,1.0023494288681205
unscheduled arrivals (price jumps),ZN.v.0,12,107,0.7266439,0.65877116,0.79994935,1.0024922118380062,1.000973520249221
unscheduled arrivals (price jumps),ZN.v.0,13,107,0.7355637,0.66999525,0.8107586,1.0042056074766355,1.0009475597092397
unscheduled arrivals (price jumps),ZN.v.0,14,107,0.7207591,0.6541067,0.79022175,1.003582554517134,1.0007528556593968
unscheduled arrivals (price jumps),ZN.v.0,15,107,0.72355753,0.64777756,0.7945509,1.0021806853582553,1.0009484397275443
scheduled FOMC statements,ES.v.0,-30,90,1.0815018,1.0000964,1.1755781,1.0135185185185185,1.0147222222222223
scheduled FOMC statements,ES.v.0,-29,90,1.0588299,0.9761907,1.1441399,1.0144444444444445,1.0137037037037038
scheduled FOMC statements,ES.v.0,-28,90,1.0160494,0.93384993,1.1048037,1.016111111111111,1.0132407407407407
scheduled FOMC statements,ES.v.0,-27,90,1.053343,0.96406287,1.1583152,1.015925925925926,1.0142592592592592
scheduled FOMC statements,ES.v.0,-26,90,1.0290397,0.93875897,1.1270512,1.0125925925925925,1.015925925925926
scheduled FOMC statements,ES.v.0,-25,90,1.0382553,0.952281,1.131473,1.0140740740740741,1.0144444444444445
scheduled FOMC statements,ES.v.0,-24,90,1.0657158,0.9816415,1.1608834,1.0137037037037036,1.0151851851851852
scheduled FOMC statements,ES.v.0,-23,90,1.047383,0.9619614,1.1381701,1.014259259259259,1.0144444444444445
scheduled FOMC statements,ES.v.0,-22,90,1.0513438,0.96224594,1.1413754,1.0118518518518518,1.013611111111112
scheduled FOMC statements,ES.v.0,-21,90,1.0305845,0.9528367,1.1251159,1.0133333333333334,1.0141666666666653
scheduled FOMC statements,ES.v.0,-20,90,1.0301967,0.9504483,1.1173658,1.0118518518518518,1.013611111111111
scheduled FOMC statements,ES.v.0,-19,90,1.0158359,0.93066555,1.1045332,1.0112962962962964,1.0160185185185184
scheduled FOMC statements,ES.v.0,-18,90,1.0130786,0.92927724,1.114007,1.012037037037037,1.0137962962962963
scheduled FOMC statements,ES.v.0,-17,90,1.0353345,0.9512539,1.1241795,1.011111111111111,1.0162037037037037
scheduled FOMC statements,ES.v.0,-16,90,1.0309834,0.9408938,1.1211714,1.012037037037037,1.014351851851852
scheduled FOMC statements,ES.v.0,-15,90,0.97107726,0.88750494,1.0555718,1.0122222222222221,1.0147222222222223
scheduled FOMC statements,ES.v.0,-14,90,0.93941075,0.8557489,1.0276799,1.0168518518518517,1.0156481481481483
scheduled FOMC statements,ES.v.0,-13,90,0.9418164,0.8647747,1.0269749,1.0151851851851852,1.0162962962962963
scheduled FOMC statements,ES.v.0,-12,90,0.9287695,0.84968925,1.0108194,1.0146296296296295,1.015462962962963
scheduled FOMC statements,ES.v.0,-11,90,0.9163886,0.83986753,0.9976662,1.014074074074074,1.0148148148148148
scheduled FOMC statements,ES.v.0,-10,90,0.8670917,0.7903038,0.9534727,1.0161111111111112,1.0137037037037038
scheduled FOMC statements,ES.v.0,-9,90,0.89252996,0.8079818,0.9833556,1.0187037037037037,1.0118518518518518
scheduled FOMC statements,ES.v.0,-8,90,0.85214645,0.77647024,0.94319236,1.017777777777778,1.0126851851851852
scheduled FOMC statements,ES.v.0,-7,90,0.8214218,0.7388836,0.9167351,1.0235185185185185,1.0139814814814816
scheduled FOMC statements,ES.v.0,-6,90,0.72193986,0.64395034,0.80261797,1.039074074074074,1.0112962962962964
scheduled FOMC statements,ES.v.0,-5,90,0.6121266,0.5444813,0.688019,1.0553703703703703,1.0119444444444445
scheduled FOMC statements,ES.v.0,-4,90,0.5718382,0.5091883,0.6468818,1.0896296296296297,1.012962962962963
scheduled FOMC statements,ES.v.0,-3,90,0.44160873,0.39088792,0.50061613,1.1449999999999998,1.0142592592592592
scheduled FOMC statements,ES.v.0,-2,90,0.40062007,0.35926086,0.4467433,1.270925925925926,1.0144444444444443
scheduled FOMC statements,ES.v.0,-1,90,0.27797347,0.24618126,0.31371644,1.4227777777777777,1.0157407407407406
scheduled FOMC statements,ES.v.0,0,90,0.17765565,0.15818886,0.196766,1.642222222222222,1.015925925925926
scheduled FOMC statements,ES.v.0,1,90,0.2375879,0.21255717,0.26603293,1.1935185185185184,1.0136111111111112
scheduled FOMC statements,ES.v.0,2,90,0.2781028,0.24548025,0.31337038,1.0983333333333334,1.014259259259259
scheduled FOMC statements,ES.v.0,3,90,0.30355945,0.2697639,0.34142035,1.0820370370370367,1.0162037037037037
scheduled FOMC statements,ES.v.0,4,90,0.33164254,0.29684642,0.37484875,1.0799999999999998,1.013888888888889
scheduled FOMC statements,ES.v.0,5,90,0.36181596,0.32609436,0.4046952,1.0588888888888888,1.015
scheduled FOMC statements,ES.v.0,6,90,0.37517813,0.3348238,0.41704547,1.0562962962962963,1.014351851851852
scheduled FOMC statements,ES.v.0,7,90,0.39344808,0.357514,0.42975357,1.055925925925926,1.0124074074074074
scheduled FOMC statements,ES.v.0,8,90,0.40089422,0.3672384,0.4424158,1.0412962962962964,1.0150925925925927
scheduled FOMC statements,ES.v.0,9,90,0.41832188,0.37976995,0.46538654,1.0411111111111109,1.0146296296296293
scheduled FOMC statements,ES.v.0,10,90,0.42776805,0.3878955,0.47603148,1.0379629629629628,1.0139814814814814
scheduled FOMC statements,ES.v.0,11,90,0.44195703,0.40367258,0.48782167,1.0387037037037037,1.0144444444444445
scheduled FOMC statements,ES.v.0,12,90,0.46748048,0.42227837,0.5143409,1.0357407407407409,1.011388888888889
scheduled FOMC statements,ES.v.0,13,90,0.47766754,0.4328053,0.52912104,1.036666666666666,1.0141666666666667
scheduled FOMC statements,ES.v.0,14,90,0.4916467,0.44444814,0.5459828,1.0388888888888876,1.0142592592592592
scheduled FOMC statements,ES.v.0,15,90,0.5055768,0.45851085,0.55804205,1.0407407407407405,1.015
scheduled FOMC statements,NQ.v.0,-30,90,1.0348481,0.97784305,1.0919971,1.6882046453232893,1.7416666666666636
scheduled FOMC statements,NQ.v.0,-29,90,1.0419441,0.97546434,1.1068372,1.6922222222222227,1.7232407407407409
scheduled FOMC statements,NQ.v.0,-28,90,0.9992915,0.9429569,1.0617381,1.691111111111111,1.7267592592592589
scheduled FOMC statements,NQ.v.0,-27,90,1.003889,0.95202935,1.0577304,1.682777777777778,1.7208333333333337
scheduled FOMC statements,NQ.v.0,-26,90,0.99746394,0.9396113,1.0600148,1.6975925925925925,1.7253703703703704
scheduled FOMC statements,NQ.v.0,-25,90,1.0252329,0.9688742,1.0981145,1.6866666666666668,1.7070370370370374
scheduled FOMC statements,NQ.v.0,-24,90,0.99777806,0.94468886,1.0539647,1.6937037037037035,1.723888888888889
scheduled FOMC statements,NQ.v.0,-23,90,0.9923131,0.9321943,1.0555048,1.7029629629629626,1.7169444444444442
scheduled FOMC statements,NQ.v.0,-22,90,0.9952111,0.9379778,1.0562742,1.6970370370370371,1.7177777777777776
scheduled FOMC statements,NQ.v.0,-21,90,1.021027,0.96048194,1.085767,1.7138888888888888,1.7295370370370295
scheduled FOMC statements,NQ.v.0,-20,90,1.0295421,0.9714692,1.1018157,1.7140740740740743,1.7180555555555515
scheduled FOMC statements,NQ.v.0,-19,90,0.97276634,0.9115696,1.0349509,1.7127777777777833,1.722314814814813
scheduled FOMC statements,NQ.v.0,-18,90,0.98689204,0.936057,1.0424252,1.720370370370373,1.7321296296296298
scheduled FOMC statements,NQ.v.0,-17,90,0.98638237,0.92383164,1.0485648,1.7190740740740742,1.7283333333333335
scheduled FOMC statements,NQ.v.0,-16,90,0.98523295,0.9282157,1.0436722,1.7087037037037036,1.7411111111111122
scheduled FOMC statements,NQ.v.0,-15,90,0.98270637,0.9206247,1.0492163,1.7272222222222224,1.7183333333333335
scheduled FOMC statements,NQ.v.0,-14,90,0.9586329,0.90213865,1.0235252,1.742777777777778,1.7373148148148148
scheduled FOMC statements,NQ.v.0,-13,90,0.9446695,0.8971999,1.0057236,1.759259259259259,1.7432407407407406
scheduled FOMC statements,NQ.v.0,-12,90,0.87998694,0.8160229,0.9423242,1.7529629629629628,1.7335185185185187
scheduled FOMC statements,NQ.v.0,-11,90,0.8984886,0.83892244,0.96433914,1.748148148148148,1.7248148148148097
scheduled FOMC statements,NQ.v.0,-10,90,0.87207526,0.8210431,0.927312,1.781666666666667,1.7171296296296295
scheduled FOMC statements,NQ.v.0,-9,90,0.8701638,0.82181615,0.92743653,1.818148148148151,1.7246296296296297
scheduled FOMC statements,NQ.v.0,-8,90,0.8279966,0.77597106,0.8863501,1.8216666666666668,1.714537037037037
scheduled FOMC statements,NQ.v.0,-7,90,0.8535358,0.7927501,0.92439413,1.8650000000000069,1.7211111111111113
scheduled FOMC statements,NQ.v.0,-6,90,0.81595933,0.7568099,0.88322574,1.973888888888893,1.7298148148148145
scheduled FOMC statements,NQ.v.0,-5,90,0.7125712,0.6595114,0.7743385,2.0842592592592593,1.7198148148148145
scheduled FOMC statements,NQ.v.0,-4,90,0.7268497,0.6729317,0.7877959,2.3462962962962965,1.7191666666666665
scheduled FOMC statements,NQ.v.0,-3,90,0.6521374,0.6046528,0.7046681,2.806666666666667,1.7157407407407406
scheduled FOMC statements,NQ.v.0,-2,90,0.6846354,0.6291369,0.7431926,3.7212962962963,1.7276851851851847
scheduled FOMC statements,NQ.v.0,-1,90,0.6619399,0.5968553,0.73461396,5.0125925925926005,1.7221296296296293
scheduled FOMC statements,NQ.v.0,0,90,0.5359065,0.48463923,0.5885783,7.451818181818184,1.7271296296296286
scheduled FOMC statements,NQ.v.0,1,90,0.48743665,0.45346656,0.5225105,3.9005555555555556,1.7242592592592578
scheduled FOMC statements,NQ.v.0,2,90,0.53566504,0.4901265,0.58328164,3.1540740740740825,1.7166666666666666
scheduled FOMC statements,NQ.v.0,3,90,0.5506442,0.51457536,0.5900766,2.9288888888888884,1.720648148148148
scheduled FOMC statements,NQ.v.0,4,90,0.56081545,0.5225848,0.60332227,2.82888888888889,1.7224074074074072
scheduled FOMC statements,NQ.v.0,5,90,0.57899404,0.5416243,0.61664164,2.597777777777778,1.7245370370370372
scheduled FOMC statements,NQ.v.0,6,90,0.62076426,0.5786564,0.66786784,2.497592592592601,1.7375
scheduled FOMC statements,NQ.v.0,7,90,0.63200974,0.58770746,0.681304,2.430000000000008,1.7502777777777783
scheduled FOMC statements,NQ.v.0,8,90,0.6421943,0.5950631,0.69336784,2.3742592592592646,1.7462962962962978
scheduled FOMC statements,NQ.v.0,9,90,0.65671325,0.61209536,0.7025412,2.344629629629633,1.7380555555555608
scheduled FOMC statements,NQ.v.0,10,90,0.6549669,0.61200726,0.7023892,2.289074074074074,1.73953703703704
scheduled FOMC statements,NQ.v.0,11,90,0.6572629,0.6158442,0.70185786,2.254259259259261,1.7297222222222224
scheduled FOMC statements,NQ.v.0,12,90,0.6533692,0.6076637,0.7050399,2.191111111111114,1.7281481481481482
scheduled FOMC statements,NQ.v.0,13,90,0.65390015,0.6077729,0.69818115,2.1964814814814817,1.7188888888888991
scheduled FOMC statements,NQ.v.0,14,90,0.6831925,0.6286688,0.73944926,2.135740740740741,1.721666666666667
scheduled FOMC statements,NQ.v.0,15,90,0.68801636,0.6406345,0.7360963,2.18037037037037,1.71773569023569
scheduled FOMC statements,ZN.v.0,-30,90,0.94181913,0.88608015,1.0029011,1.0,1.0006481481481482
scheduled FOMC statements,ZN.v.0,-29,90,0.9552669,0.89567816,1.0111324,1.0007407407407407,1.0006481481481446
scheduled FOMC statements,ZN.v.0,-28,90,0.9312183,0.8745002,0.98728627,1.000185185185185,1.0002777777777758
scheduled FOMC statements,ZN.v.0,-27,90,0.9250248,0.8707024,0.98313457,1.0003703703703704,1.0002777777777778
scheduled FOMC statements,ZN.v.0,-26,90,0.9235618,0.8723468,0.98179924,1.0007407407407407,1.0002777777777778
scheduled FOMC statements,ZN.v.0,-25,90,0.9207946,0.8663194,0.9778542,1.0003703703703704,1.0012037037037036
scheduled FOMC statements,ZN.v.0,-24,90,0.92444694,0.8697442,0.9841132,1.0003703703703704,1.000925925925926
scheduled FOMC statements,ZN.v.0,-23,90,0.89552444,0.8451375,0.9452208,1.0,1.0005555555555554
scheduled FOMC statements,ZN.v.0,-22,90,0.8848068,0.83457154,0.93666416,1.0007407407407407,1.0004629629629629
scheduled FOMC statements,ZN.v.0,-21,90,0.890361,0.83761287,0.94187117,1.0005555555555554,1.0005555555555554
scheduled FOMC statements,ZN.v.0,-20,90,0.87836605,0.8209285,0.93724906,1.001111111111111,1.000185185185185
scheduled FOMC statements,ZN.v.0,-19,90,0.88687193,0.825975,0.9508991,1.0007407407407407,1.0005555555555554
scheduled FOMC statements,ZN.v.0,-18,90,0.8689073,0.8092315,0.9338201,1.0003703703703704,1.0004629629629629
scheduled FOMC statements,ZN.v.0,-17,90,0.8682817,0.8040893,0.9297645,1.0009259259259258,1.0005555555555554
scheduled FOMC statements,ZN.v.0,-16,90,0.8553651,0.78861284,0.92010605,1.0016666666666667,1.0008333333333332
scheduled FOMC statements,ZN.v.0,-15,90,0.8074169,0.7503429,0.86383975,1.0009259259259258,1.000185185185185
scheduled FOMC statements,ZN.v.0,-14,90,0.7946479,0.73425275,0.8635057,1.000185185185185,1.0007407407407407
scheduled FOMC statements,ZN.v.0,-13,90,0.7958963,0.73223627,0.8630965,1.0005555555555554,1.0003703703703704
scheduled FOMC statements,ZN.v.0,-12,90,0.78700006,0.72073406,0.8513426,1.0012962962962961,1.0003703703703704
scheduled FOMC statements,ZN.v.0,-11,90,0.7760263,0.7108942,0.83928907,1.0007407407407407,1.0005555555555554
scheduled FOMC statements,ZN.v.0,-10,90,0.73878133,0.6806306,0.79836583,1.002037037037037,1.0000925925925925
scheduled FOMC statements,ZN.v.0,-9,90,0.67671186,0.6175085,0.7364292,1.0005555555555554,1.0008333333333332
scheduled FOMC statements,ZN.v.0,-8,90,0.63297075,0.5777923,0.689315,1.0033333333333334,1.0002777777777778
scheduled FOMC statements,ZN.v.0,-7,90,0.625148,0.57366246,0.6814324,1.0003703703703704,1.0004629629629629
scheduled FOMC statements,ZN.v.0,-6,90,0.55209374,0.5007554,0.60435915,1.007037037037037,1.000185185185185
scheduled FOMC statements,ZN.v.0,-5,90,0.45951432,0.41381454,0.5127994,1.0083333333333333,1.0005555555555554
scheduled FOMC statements,ZN.v.0,-4,90,0.38279852,0.33218616,0.4356722,1.0192592592592593,1.0003703703703704
scheduled FOMC statements,ZN.v.0,-3,90,0.25178754,0.21976638,0.28533357,1.042037037037037,1.0005555555555554
scheduled FOMC statements,ZN.v.0,-2,90,0.17001548,0.1477677,0.1983185,1.0892592592592591,1.0003703703703704
scheduled FOMC statements,ZN.v.0,-1,90,0.07987813,0.069950365,0.0914711,1.218888888888889,1.000925925925926
scheduled FOMC statements,ZN.v.0,0,90,0.079637945,0.07065891,0.088697106,1.2022222222222203,1.0000925925925925
scheduled FOMC statements,ZN.v.0,1,90,0.15567203,0.13676658,0.17335457,1.0211111111111093,1.0003703703703704
scheduled FOMC statements,ZN.v.0,2,90,0.20558341,0.18512945,0.22794046,1.0090740740740731,1.0004629629629629
scheduled FOMC statements,ZN.v.0,3,90,0.2398111,0.21540025,0.2659665,1.0064814814814786,1.0000925925925925
scheduled FOMC statements,ZN.v.0,4,90,0.2607831,0.23664008,0.28786978,1.0048148148148124,1.0012962962962964
scheduled FOMC statements,ZN.v.0,5,90,0.30630195,0.2760979,0.3395131,1.0068518518518519,1.0005555555555554
scheduled FOMC statements,ZN.v.0,6,90,0.3102427,0.27787372,0.34487572,1.0051851851851852,1.0004629629629629
scheduled FOMC statements,ZN.v.0,7,90,0.32497182,0.29379532,0.36050838,1.0031481481481481,1.000185185185185
scheduled FOMC statements,ZN.v.0,8,90,0.3450881,0.31171265,0.3798418,1.0057407407407408,1.0004629629629629
scheduled FOMC statements,ZN.v.0,9,90,0.3512892,0.31630045,0.38595116,1.0046296296296262,1.000185185185185
scheduled FOMC statements,ZN.v.0,10,90,0.3718716,0.33668354,0.4082505,1.0037037037037038,1.0002777777777778
scheduled FOMC statements,ZN.v.0,11,90,0.3739352,0.34241116,0.40743467,1.0044444444444445,1.0002777777777778
scheduled FOMC statements,ZN.v.0,12,90,0.38512325,0.35416594,0.42158705,1.0020370370370368,1.000185185185185
scheduled FOMC statements,ZN.v.0,13,90,0.41003355,0.3775493,0.44602528,1.0027777777777778,1.0004629629629629
scheduled FOMC statements,ZN.v.0,14,90,0.43027982,0.39253604,0.47089207,1.0033333333333334,1.0003703703703704
scheduled FOMC statements,ZN.v.0,15,90,0.44438103,0.40698743,0.48042545,1.005925925925926,1.0
